100
ldrb 1|huziafa tahir|1|1784025021
456hjk|huzaifa tahir|1|1784025259
ldrb 1|Huzaifa tahir|1|1784092542
||0|0
||0|0
||0|0
||0|0
||0|0
||0|0
||0|0
||0|0
||0|0
||0|0
||0|0
||0|0
||0|0
||0|0
||0|0
||0|0
||0|0
||0|0
||0|0
||0|0
||0|0
||0|0
||0|0
||0|0
||0|0
||0|0
||0|0
||0|0
||0|0
||0|0
||0|0
||0|0
||0|0
||0|0
||0|0
||0|0
||0|0
||0|0
||0|0
||0|0
||0|0
||0|0
||0|0
||0|0
||0|0
||0|0
||0|0
||0|0
||0|0
||0|0
||0|0
||0|0
||0|0
||0|0
||0|0
||0|0
||0|0
||0|0
||0|0
||0|0
||0|0
||0|0
||0|0
||0|0
||0|0
||0|0
||0|0
||0|0
||0|0
||0|0
||0|0
||0|0
||0|0
||0|0
||0|0
||0|0
||0|0
||0|0
||0|0
||0|0
||0|0
||0|0
||0|0
||0|0
||0|0
||0|0
||0|0
||0|0
||0|0
||0|0
||0|0
||0|0
||0|0
||0|0
||0|0
||0|0
||0|0
